
Weight = 3
0000010001 00001 0 1 0 1 1
0000100000 00101 0 0 0 1 2
0001000000 10010 0 0 1 0 2
0001000011 00000 0 1 2 0 0
0001101000 00000 0 0 2 1 0
0010010000 00010 0 1 0 1 1
0010100000 01000 0 1 0 1 1
0100000000 11000 0 0 1 0 2
0100000010 00100 0 0 2 0 1
0100011000 00000 0 0 2 1 0
1000000110 00000 1 0 1 1 0
1000001000 10000 0 0 1 1 1
1000010000 01000 0 0 0 2 1
1000100000 00010 0 0 0 2 1
sum :
4323443132 33232

total weight = 42
number of codewords = 15
請按任意鍵繼續 . . .
Weight = 4
0000000001 01110 0 1 0 0 3
0000000010 11100 0 0 1 0 3
0000000011 10010 0 1 1 0 2
0000001100 01100 1 0 1 0 2
0000001101 00010 1 1 1 0 1
0000001110 10000 1 0 2 0 1
0000010100 10100 1 0 0 1 2
0000010110 01000 1 0 1 1 1
0000011000 11000 0 0 1 1 2
0000011010 00100 0 0 2 1 1
0000100101 10000 1 1 0 1 1
0000100110 00010 1 0 1 1 1
0000101000 10010 0 0 1 1 2
0000101011 00000 0 1 2 1 0
0000110000 01010 0 0 0 2 2
0000110001 00100 0 1 0 2 1
0001000100 01001 1 0 1 0 2
0001001000 00101 0 0 2 0 2
0001010010 00001 0 0 2 1 1
0010000000 01101 0 1 0 0 3
0010000001 00011 0 2 0 0 2
0010000010 10001 0 1 1 0 2
0010001100 00001 1 1 1 0 1
0011000100 00100 1 1 1 0 1
0011001000 01000 0 1 2 0 1
0011010000 10000 0 1 1 1 1
0100000100 00011 1 0 1 0 2
0100001001 00001 0 1 2 0 1
0100100010 00001 0 0 2 1 1
0101000000 01010 0 0 2 0 2
0101000001 00100 0 1 2 0 1
0101110000 00000 0 0 2 2 0
0110000101 00000 1 2 1 0 0
0110001000 00010 0 1 2 0 1
0110100000 10000 0 1 1 1 1
1000000000 00111 0 0 0 1 3
1000000001 01001 0 1 0 1 2
1001000101 00000 1 1 1 1 0
1001001000 00010 0 0 2 1 1
1001100000 10000 0 0 1 2 1
1010000000 01010 0 1 0 1 2
1010000001 00100 0 2 0 1 1
1010110000 00000 0 1 0 3 0
1100000100 00100 1 0 1 1 1
1100001000 01000 0 0 2 1 1
1100010000 10000 0 0 1 2 1
1111000000 00000 0 1 2 1 0
sum :
16161616151517151315 1516151614

total weight = 230
number of codewords = 62
請按任意鍵繼續 . . .