0
0.0327105
0.0653343
0.0977852
0.129977
0.161826
0.193247
0.224159
0.254482
0.284135
0.313045
0.341137
0.36834
0.394586
0.419812
0.443956
0.466961
0.488774
0.509345
0.52863
0.546588
0.563182
0.578381
0.592158
0.604491
0.615364
0.624763
0.632681
0.639116
0.64407
0.647551
0.649571
0.650146
0.6493
0.647057
0.643449
0.638511
0.632282
0.624806
0.616131
0.606306
0.595387
0.583431
0.5705
0.556657
0.541967
0.526501
0.510328
0.49352
0.476152
0.458298
0.440034
0.421438
0.402585
0.383554
0.36442
0.345261
0.326151
0.307165
0.288376
0.269856
0.251674
0.233898
0.216592
0.199819
0.183638
0.168107
0.153277
0.1392
0.125921
0.113482
0.101921
0.0912741
0.0815702
0.0728353
0.065091
0.0583543
0.0526379
0.0479498
0.0442935
0.0416682
0.0400685
0.0394845
0.0399019
0.0413022
0.0436626
0.0469562
0.0511522
0.0562158
0.0621086
0.0687888
0.0762109
0.0843267
0.0930847
0.102431
0.112309
0.122659
0.133421
0.144533
0.15593
0.167547
0.179318
0.191176
0.203053
0.214883
0.226597
0.23813
0.249415
0.260387
0.270982
0.281138
0.290794
0.299893
0.308378
0.316195
0.323294
0.329628
0.33515
0.339821
0.343602
0.346459
0.348363
0.349287
0.34921
0.348113
0.345984
0.342813
0.338596
0.333333
0.327029
0.319691
0.311335
0.301977
0.291641
0.280353
0.268143
0.255048
0.241106
0.226361
0.210858
0.19465
0.177789
0.160334
0.142343
0.12388
0.105011
0.0858029
0.0663263
0.0466529
0.026856
0.00701039
0.0128083
0.0325236
0.0520586
0.0713362
0.0902796
0.108812
0.126858
0.144342
0.161191
0.177333
0.192698
0.207217
0.220824
0.233458
0.245057
0.255564
0.264925
0.27309
0.280013
0.28565
0.289964
0.292919
0.294485
0.294638
0.293357
0.290625
0.286431
0.280768
0.273636
0.265037
0.25498
0.243478
0.230549
0.216217
0.200508
0.183456
0.165097
0.145472
0.124629
0.102616
0.0794885
0.0553036
0.030123
0.00401193
0.0229614
0.0507258
0.0792071
0.108329
0.138012
0.168176
0.198739
0.229616
0.260723
0.291973
0.323281
0.354559
0.385722
0.416683
0.447356
0.477657
0.507502
0.536811
0.565502
0.593498
0.620723
0.647105
0.672573
0.69706
0.720502
0.74284
0.764017
0.783981
0.802683
0.820078
0.836128
0.850798
0.864055
0.875876
0.886238
0.895125
0.902527
0.908437
0.912854
0.915781
0.917226
0.917203
0.91573
0.912829
0.908528
0.902859
0.895857
0.887563
0.878022
0.867281
0.855392
0.842411
0.828396
0.813408
0.797512
0.780774
0.763264
0.745053
0.726213
0.706818
0.686944
0.666667
0.646063
0.625211
0.604186
0.583066
0.561927
0.540844
0.519892
0.499143
0.478669
0.458539
0.438819
0.419575
0.400868
0.382757
0.365299
0.348545
0.332546
0.317346
0.302987
0.289507
0.276939
0.265313
0.254653
0.244981
0.236313
0.22866
0.222029
0.216425
0.211844
0.20828
0.205724
0.204159
0.203566
0.203923
0.205201
0.207369
0.210391
0.214228
0.218839
0.224176
0.230191
0.236833
0.244046
0.251774
0.259958
0.268536
0.277445
0.286622
0.296001
0.305516
0.3151
0.324685
0.334204
0.343591
0.352778
0.361699
0.370291
0.37849
0.386233
0.393461
0.400116
0.406142
0.411487
0.416101
0.419936
0.422948
0.425097
0.426347
0.426663
0.426018
0.424385
0.421743
0.418077
0.413374
0.407624
0.400826
0.39298
0.384092
0.374171
0.363232
0.351294
0.33838
0.324519
0.309741
0.294083
0.277585
0.260292
0.24225
0.223511
0.20413
0.184164
0.163675
0.142725
0.121382
0.0997132
0.0777893
0.0556824
0.0334665
0.0112164
0.0109917
0.0330814
0.0549754
0.0765968
0.0978684
0.118714
0.139057
0.158824
0.17794
0.196335
0.213938
0.230681
0.2465
0.261331
0.275115
0.287795
0.299317
0.309633
0.318696
0.326464
0.3329
0.337969
0.341643
0.343896
0.34471
0.344069
0.341962
0.338383
0.333333
0.326816
0.31884
0.309419
0.298574
0.286327
0.272708
0.257749
0.241488
0.223968
0.205236
0.185341
0.16434
0.14229
0.119253
0.0952962
0.0704872
0.0448981
0.0186033
0.00832018
0.0357933
0.063735
0.0920625
0.120692
0.149538
0.178515
0.207537
0.236517
0.265368
0.294005
0.322342
0.350295
0.377781
0.404719
0.43103
0.456635
0.48146
0.505432
0.528482
0.550545
0.571556
0.591457
0.610192
0.627709
0.643962
0.658906
0.672503
0.68472
0.695525
0.704895
0.71281
0.719254
0.724218
0.727696
0.729687
0.730197
0.729234
0.726814
0.722955
0.71768
0.711019
0.703004
0.693671
0.683062
0.671223
0.658202
0.644052
0.628829
0.612591
0.595402
0.577326
0.55843
0.538784
0.518459
0.497528
0.476067
0.454149
0.431853
0.409255
0.386431
0.36346
0.340417
0.31738
0.294423
0.27162
0.249044
0.226766
0.204855
0.183377
0.162397
0.141975
0.122171
0.103039
0.0846326
0.0669991
0.0501835
0.0342268
0.0191659
0.00503358
0.00814156
0.0203353
0.0315276
0.0417033
0.0508512
0.0589651
0.0660429
0.0720873
0.0771053
0.0811084
0.0841124
0.0861375
0.0872079
0.0873519
0.0866019
0.084994
0.0825678
0.0793665
0.0754364
0.0708272
0.065591
0.059783
0.0534603
0.0466826
0.0395113
0.0320094
0.0242414
0.0162728
0.00817002
1.63281e-016
0.00817002
0.0162728
0.0242414
0.0320094
0.0395113
0.0466826
0.0534603
0.059783
0.065591
0.0708272
0.0754364
0.0793665
0.0825678
0.084994
0.0866019
0.0873519
0.0872079
0.0861375
0.0841124
0.0811084
0.0771053
0.0720873
0.0660429
0.0589651
0.0508512
0.0417033
0.0315276
0.0203353
0.00814156
0.00503358
0.0191659
0.0342268
0.0501835
0.0669991
0.0846326
0.103039
0.122171
0.141975
0.162397
0.183377
0.204855
0.226766
0.249044
0.27162
0.294423
0.31738
0.340417
0.36346
0.386431
0.409255
0.431853
0.454149
0.476067
0.497528
0.518459
0.538784
0.55843
0.577326
0.595402
0.612591
0.628829
0.644052
0.658202
0.671223
0.683062
0.693671
0.703004
0.711019
0.71768
0.722955
0.726814
0.729234
0.730197
0.729687
0.727696
0.724218
0.719254
0.71281
0.704895
0.695525
0.68472
0.672503
0.658906
0.643962
0.627709
0.610192
0.591457
0.571556
0.550545
0.528482
0.505432
0.48146
0.456635
0.43103
0.404719
0.377781
0.350295
0.322342
0.294005
0.265368
0.236517
0.207537
0.178515
0.149538
0.120692
0.0920625
0.063735
0.0357933
0.00832018
0.0186033
0.0448981
0.0704872
0.0952962
0.119253
0.14229
0.16434
0.185341
0.205236
0.223968
0.241488
0.257749
0.272708
0.286327
0.298574
0.309419
0.31884
0.326816
0.333333
0.338383
0.341962
0.344069
0.34471
0.343896
0.341643
0.337969
0.3329
0.326464
0.318696
0.309633
0.299317
0.287795
0.275115
0.261331
0.2465
0.230681
0.213938
0.196335
0.17794
0.158824
0.139057
0.118714
0.0978684
0.0765968
0.0549754
0.0330814
0.0109917
0.0112164
0.0334665
0.0556824
0.0777893
0.0997132
0.121382
0.142725
0.163675
0.184164
0.20413
0.223511
0.24225
0.260292
0.277585
0.294083
0.309741
0.324519
0.33838
0.351294
0.363232
0.374171
0.384092
0.39298
0.400826
0.407624
0.413374
0.418077
0.421743
0.424385
0.426018
0.426663
0.426347
0.425097
0.422948
0.419936
0.416101
0.411487
0.406142
0.400116
0.393461
0.386233
0.37849
0.370291
0.361699
0.352778
0.343591
0.334204
0.324685
0.3151
0.305516
0.296001
0.286622
0.277445
0.268536
0.259958
0.251774
0.244046
0.236833
0.230191
0.224176
0.218839
0.214228
0.210391
0.207369
0.205201
0.203923
0.203566
0.204159
0.205724
0.20828
0.211844
0.216425
0.222029
0.22866
0.236313
0.244981
0.254653
0.265313
0.276939
0.289507
0.302987
0.317346
0.332546
0.348545
0.365299
0.382757
0.400868
0.419575
0.438819
0.458539
0.478669
0.499143
0.519892
0.540844
0.561927
0.583066
0.604186
0.625211
0.646063
0.666667
0.686944
0.706818
0.726213
0.745053
0.763264
0.780774
0.797512
0.813408
0.828396
0.842411
0.855392
0.867281
0.878022
0.887563
0.895857
0.902859
0.908528
0.912829
0.91573
0.917203
0.917226
0.915781
0.912854
0.908437
0.902527
0.895125
0.886238
0.875876
0.864055
0.850798
0.836128
0.820078
0.802683
0.783981
0.764017
0.74284
0.720502
0.69706
0.672573
0.647105
0.620723
0.593498
0.565502
0.536811
0.507502
0.477657
0.447356
0.416683
0.385722
0.354559
0.323281
0.291973
0.260723
0.229616
0.198739
0.168176
0.138012
0.108329
0.0792071
0.0507258
0.0229614
0.00401193
0.030123
0.0553036
0.0794885
0.102616
0.124629
0.145472
0.165097
0.183456
0.200508
0.216217
0.230549
0.243478
0.25498
0.265037
0.273636
0.280768
0.286431
0.290625
0.293357
0.294638
0.294485
0.292919
0.289964
0.28565
0.280013
0.27309
0.264925
0.255564
0.245057
0.233458
0.220824
0.207217
0.192698
0.177333
0.161191
0.144342
0.126858
0.108812
0.0902796
0.0713362
0.0520586
0.0325236
0.0128083
0.00701039
0.026856
0.0466529
0.0663263
0.0858029
0.105011
0.12388
0.142343
0.160334
0.177789
0.19465
0.210858
0.226361
0.241106
0.255048
0.268143
0.280353
0.291641
0.301977
0.311335
0.319691
0.327029
0.333333
0.338596
0.342813
0.345984
0.348113
0.34921
0.349287
0.348363
0.346459
0.343602
0.339821
0.33515
0.329628
0.323294
0.316195
0.308378
0.299893
0.290794
0.281138
0.270982
0.260387
0.249415
0.23813
0.226597
0.214883
0.203053
0.191176
0.179318
0.167547
0.15593
0.144533
0.133421
0.122659
0.112309
0.102431
0.0930847
0.0843267
0.0762109
0.0687888
0.0621086
0.0562158
0.0511522
0.0469562
0.0436626
0.0413022
0.0399019
0.0394845
0.0400685
0.0416682
0.0442935
0.0479498
0.0526379
0.0583543
0.065091
0.0728353
0.0815702
0.0912741
0.101921
0.113482
0.125921
0.1392
0.153277
0.168107
0.183638
0.199819
0.216592
0.233898
0.251674
0.269856
0.288376
0.307165
0.326151
0.345261
0.36442
0.383554
0.402585
0.421438
0.440034
0.458298
0.476152
0.49352
0.510328
0.526501
0.541967
0.556657
0.5705
0.583431
0.595387
0.606306
0.616131
0.624806
0.632282
0.638511
0.643449
0.647057
0.6493
0.650146
0.649571
0.647551
0.64407
0.639116
0.632681
0.624763
0.615364
0.604491
0.592158
0.578381
0.563182
0.546588
0.52863
0.509345
0.488774
0.466961
0.443956
0.419812
0.394586
0.36834
0.341137
0.313045
0.284135
0.254482
0.224159
0.193247
0.161826
0.129977
0.0977852
0.0653343
0.0327105
