1.0592e-016
5.33333
2.17487e-016
1.76348e-016
9.64675e-016
5.33333
1.10148e-015
2.15111e-016
5.01557e-016
1.61617e-015
5.33333
3.19919e-015
1.35582e-015
9.12186e-016
7.48106e-016
1.2677e-015
5.86066e-016
3.99305e-016
2.99089e-016
6.45356e-016
1.69159e-016
3.40511e-016
7.94317e-016
4.31796e-016
4.16594e-016
2.55898e-016
3.14081e-016
7.45397e-016
3.15575e-016
1.95051e-016
4.41012e-016
7.10341e-016
2.44938e-016
3.8149e-016
1.23988e-016
2.97294e-016
1.82882e-016
1.80078e-016
1.48544e-016
3.60856e-016
1.24317e-016
1.44035e-016
6.75609e-017
4.22974e-016
2.75746e-016
6.8376e-017
2.16349e-016
4.55732e-016
2.79461e-016
9.97143e-017
2.1613e-016
3.4076e-016
2.3876e-016
2.47283e-016
1.85993e-016
2.33127e-016
2.34413e-016
1.89121e-016
6.01672e-017
5.05741e-016
2.3315e-016
3.78703e-017
2.21435e-016
1.52261e-016
4.53725e-016
1.04053e-016
1.87818e-016
2.32534e-016
2.32265e-016
2.39062e-016
2.90233e-016
3.87272e-016
2.40589e-016
5.23601e-016
2.06724e-016
8.15501e-017
3.82569e-016
2.55967e-016
2.71072e-016
3.98124e-016
1.31372e-016
6.32734e-016
2.47799e-016
1.81103e-015
2.7752e-015
1.77843e-015
4.59961e-016
6.0458e-016
1.17665e-015
1.64356e-015
9.61813e-016
2.1702e-016
4.68547e-016
3.07447e-016
2.69046e-016
1.12162e-016
4.38828e-016
3.26285e-016
7.38727e-016
1.30698e-015
8.63101e-016
5.16855e-016
4.86383e-016
1.90045e-015
3.07186e-015
2.04525e-015
2.46406e-016
9.08664e-016
1.31794e-016
5.13299e-016
1.80205e-016
3.59586e-016
3.02657e-016
4.85224e-016
5.3936e-016
1.2727e-016
1.66619e-016
6.30972e-017
2.55073e-016
8.56682e-017
9.2119e-017
1.36508e-016
1.99148e-016
5.04952e-016
1.23921e-016
2.75923e-016
2.10373e-016
3.20058e-016
2.43752e-016
8.53837e-017
2.13237e-016
1.32258e-016
1.3226e-016
2.00872e-016
2.01939e-016
2.12074e-016
9.14342e-017
1.75927e-016
9.01842e-017
1.13023e-016
1.57691e-017
9.55843e-017
8.69275e-017
1.47362e-016
9.2504e-017
1.58322e-016
1.36609e-016
2.23517e-016
1.34196e-016
1.05698e-016
1.77039e-016
1.08717e-016
4.2618e-017
9.52078e-017
3.01052e-016
1.2478e-016
3.6027e-017
1.63764e-016
2.42001e-016
1.74766e-016
1.59664e-016
7.7837e-017
9.32222e-017
2.16026e-016
1.19061e-016
3.08641e-016
1.72102e-016
5.02521e-016
3.88116e-016
1.94238e-016
1.53945e-016
1.23773e-016
8.31768e-017
3.45383e-016
1.28096e-016
4.90695e-016
4.46604e-016
1.34148e-015
5.93183e-016
1.45042e-015
8.29071e-016
6.10011e-016
9.37864e-016
8.79318e-016
7.18225e-016
1.44622e-016
1.71767e-016
1.18214e-016
1.04813e-016
6.20324e-017
2.06969e-016
2.76838e-016
4.75007e-016
2.80681e-016
7.65441e-016
6.41409e-016
7.89439e-016
1.38708e-015
1.16874e-015
1.49378e-015
3.15327e-016
6.7024e-016
2.33762e-016
3.74378e-016
1.40269e-016
2.94003e-016
8.58513e-017
3.17523e-016
3.69458e-016
1.27119e-017
1.21703e-016
1.45935e-016
8.63659e-017
1.23389e-016
2.26655e-016
1.45473e-016
9.76286e-017
1.513e-016
2.53369e-016
1.46659e-016
1.6229e-016
1.78988e-016
1.10412e-016
1.40217e-016
1.29151e-016
7.22554e-017
9.83685e-017
1.49999e-016
1.84771e-016
1.4296e-017
5.21725e-017
1.33032e-016
1.0499e-016
1.73591e-016
1.92072e-016
1.40476e-016
1.5798e-016
1.42707e-017
1.80884e-016
1.59298e-016
1.27585e-016
2.42928e-016
9.24075e-017
1.46776e-016
1.66374e-016
6.05233e-017
2.33239e-016
6.95543e-017
1.6076e-016
1.8191e-017
3.29989e-017
5.29776e-016
3.08563e-016
2.72472e-016
5.38987e-017
2.48082e-016
1.31492e-016
2.50155e-016
1.52483e-016
2.5226e-016
2.4025e-016
1.54823e-016
6.47156e-016
1.07781e-016
1.62242e-016
1.77578e-016
5.59064e-017
2.58799e-016
1.93482e-016
2.32987e-016
1.09402e-016
5.65399e-016
8.27817e-016
5.37581e-016
1.78465e-016
1.53885e-016
5.48996e-016
7.23435e-016
8.99258e-017
1.57669e-016
9.99936e-017
1.58521e-016
6.80834e-016
1.75497e-016
1.16401e-016
2.33738e-017
4.33486e-017
4.98638e-016
2.99715e-016
8.47483e-017
5.45193e-017
6.50228e-016
1.04346e-015
7.6194e-016
2.29224e-016
2.73434e-016
1.51668e-016
1.80507e-016
1.38629e-016
1.92317e-016
6.19279e-017
4.07346e-016
2.50305e-016
2.78634e-016
7.75712e-017
6.28768e-017
8.63043e-017
5.54228e-017
7.69474e-017
2.77367e-017
6.44824e-017
8.16927e-017
1.48814e-016
2.16505e-016
2.21138e-017
2.91828e-017
1.13389e-016
3.2979e-017
1.06627e-016
1.64684e-016
1.13228e-016
2.22089e-016
1.416e-016
1.97744e-016
1.44566e-016
8.0255e-017
1.75553e-016
4.9217e-017
7.32617e-017
8.38112e-017
1.16937e-016
9.97791e-017
6.73327e-017
1.43126e-016
1.43899e-016
1.22904e-016
2.48577e-016
1.14566e-016
1.05691e-016
6.87075e-017
1.37927e-016
1.51856e-016
2.6265e-016
1.49711e-016
6.00801e-017
1.53083e-016
2.43067e-016
1.31546e-016
8.12409e-017
1.75158e-016
1.23374e-016
1.04798e-016
1.41537e-016
2.72083e-016
5.95046e-017
3.91515e-016
5.61059e-016
1.43989e-016
1.00039e-016
1.06376e-016
1.57817e-016
5.4954e-017
1.35236e-016
3.89029e-016
4.57909e-016
5.45614e-016
7.82586e-016
4.33749e-016
3.89656e-016
2.60718e-016
5.74416e-016
6.57456e-016
5.5597e-016
2.19038e-017
1.03329e-016
2.19703e-016
1.78907e-016
1.75521e-016
1.29356e-016
2.92713e-016
1.91694e-016
2.0791e-016
2.10851e-016
3.80984e-016
3.53839e-016
6.01162e-016
8.66865e-016
7.92462e-016
4.97127e-016
2.03668e-016
1.23251e-016
2.72655e-016
2.11742e-016
1.42374e-016
9.98182e-017
3.18836e-016
3.30923e-016
2.41789e-016
6.75004e-017
7.56966e-017
1.8876e-016
1.45166e-016
2.59287e-017
6.01171e-017
1.72971e-016
6.68788e-017
1.64252e-016
1.99222e-016
8.62443e-017
1.30702e-016
1.23406e-016
1.3698e-016
1.25398e-016
6.20428e-017
2.31656e-017
2.12443e-016
1.12601e-016
1.09347e-016
4.74029e-017
8.26622e-017
2.02879e-016
1.45504e-017
3.19256e-017
8.20434e-017
1.48739e-016
5.34073e-017
1.94004e-016
2.09461e-016
1.40142e-016
1.73409e-016
1.46565e-016
5.99154e-017
3.95988e-017
1.34063e-016
8.67805e-017
6.1321e-017
4.16984e-017
1.05596e-016
5.79418e-017
1.15458e-016
3.08757e-016
2.34048e-016
1.68631e-016
2.35932e-016
1.22558e-016
1.26584e-016
1.21062e-016
2.52867e-016
5.20863e-017
7.28434e-016
4.55021e-016
4.00336e-016
2.52192e-016
1.46452e-016
3.48756e-016
6.1178e-017
1.28016e-016
1.74227e-016
6.16049e-017
2.74993e-016
4.45415e-016
1.77951e-016
2.93827e-016
1.85219e-016
4.88841e-016
4.13735e-016
5.89171e-016
2.48276e-016
2.45686e-016
5.07047e-016
1.27573e-016
5.04485e-016
1.7142e-016
5.15699e-017
1.6944e-016
1.77449e-016
1.11148e-016
6.79898e-017
9.57505e-017
3.51941e-016
6.82927e-016
5.86359e-016
1.03317e-016
2.43189e-016
8.72769e-017
1.18102e-016
1.09585e-016
1.13725e-016
4.56317e-017
1.45527e-016
3.807e-016
7.34e-017
1.28924e-017
8.20599e-017
8.47564e-017
7.1761e-017
5.84731e-017
1.2169e-016
1.08015e-016
1.28007e-016
1.2064e-016
2.49151e-016
2.47207e-016
5.00113e-017
1.4513e-016
8.843e-017
1.33382e-016
7.07771e-016
5.75464e-017
1.03171e-016
1.5453e-016
1.0934e-015
9.89809e-017
1.21151e-016
1.5616e-016
8.48923e-017
5.75464e-017
4.44181e-016
1.42076e-016
7.73614e-017
1.4513e-016
3.7237e-017
7.48777e-019
1.45149e-016
1.2064e-016
1.20963e-016
9.57141e-017
6.35012e-017
5.84731e-017
8.33879e-017
1.04194e-016
8.21015e-017
1.28924e-017
1.30526e-016
3.78645e-016
1.62937e-016
4.56317e-017
3.73728e-017
1.51053e-016
2.66174e-016
8.72769e-017
2.48663e-016
1.26159e-016
5.28522e-016
6.82927e-016
3.66709e-016
1.13958e-016
9.48956e-017
1.11148e-016
1.21465e-016
2.01649e-016
3.66325e-017
1.7142e-016
4.22872e-016
2.25962e-016
6.32769e-016
2.45686e-016
1.98932e-016
5.90651e-016
4.22425e-016
4.88841e-016
1.58747e-016
3.02715e-016
2.10898e-016
4.45415e-016
2.60382e-016
2.34905e-016
1.8192e-016
1.28016e-016
3.92202e-017
2.86996e-016
8.05401e-017
2.52192e-016
4.1181e-016
4.31314e-016
6.85553e-016
5.20863e-017
4.18004e-016
1.43999e-016
1.24337e-016
1.22558e-016
1.28467e-016
7.73043e-017
2.6256e-016
3.08757e-016
1.33058e-016
1.32556e-016
9.01257e-017
4.16984e-017
2.44917e-017
7.09181e-017
9.15466e-017
3.95988e-017
7.90926e-017
1.60053e-016
1.88108e-016
1.40142e-016
1.91179e-016
1.51073e-016
1.20385e-016
1.48739e-016
8.47766e-017
1.30387e-016
1.19507e-016
2.02879e-016
6.57172e-017
7.58137e-017
2.49854e-017
1.12601e-016
1.23574e-016
1.02643e-017
7.47182e-017
1.25398e-016
1.32412e-016
1.78207e-016
1.47167e-016
8.62443e-017
2.38357e-016
9.59986e-017
1.01289e-016
1.72971e-016
6.64082e-017
2.33578e-017
8.65615e-017
1.8876e-016
9.24544e-017
9.12772e-017
2.91354e-016
3.30923e-016
2.3769e-016
9.58e-017
1.09794e-016
2.11742e-016
2.67984e-016
1.20435e-016
6.50242e-016
4.97127e-016
7.95439e-016
8.71585e-016
5.06469e-016
3.53839e-016
3.85072e-016
2.15377e-016
2.13352e-016
1.91694e-016
1.63544e-016
9.00122e-017
1.90757e-016
1.78907e-016
2.3635e-016
6.90937e-017
1.25605e-016
5.5597e-016
6.53012e-016
5.35609e-016
2.90061e-016
3.89656e-016
3.94228e-016
7.79283e-016
5.31084e-016
4.57909e-016
3.48306e-016
1.84641e-016
9.8196e-017
1.57817e-016
1.05436e-016
3.70483e-017
2.95127e-016
5.61059e-016
3.68598e-016
4.84953e-017
1.80791e-016
1.41537e-016
1.46053e-016
9.61263e-017
1.4799e-016
8.12409e-017
1.50683e-016
2.43126e-016
1.30648e-016
6.00801e-017
1.28645e-016
1.81937e-016
9.07903e-017
1.37927e-016
1.16728e-016
9.47952e-017
6.48926e-017
2.48577e-016
2.10367e-016
1.37084e-016
1.69363e-016
6.73327e-017
1.05545e-016
1.96198e-018
1.15909e-016
7.32617e-017
2.17567e-017
1.84886e-016
4.78137e-017
1.44566e-016
1.97127e-016
1.59679e-016
2.76136e-016
1.13228e-016
1.34086e-016
1.12671e-016
3.89427e-017
1.13389e-016
1.88111e-016
7.36969e-017
2.23466e-016
1.48814e-016
9.00434e-017
1.55334e-016
8.82914e-017
7.69474e-017
2.20825e-017
8.56491e-017
6.44703e-017
7.75712e-017
1.889e-016
2.50449e-016
3.52486e-016
6.19279e-017
1.90524e-016
2.6219e-016
2.02787e-016
1.51668e-016
2.53538e-016
1.83518e-016
7.65658e-016
1.04346e-015
7.19217e-016
5.06975e-017
1.45472e-016
2.99715e-016
5.39892e-016
4.43216e-017
1.78075e-017
1.16401e-016
1.88769e-016
6.7359e-016
1.90333e-016
9.99936e-017
1.53755e-016
2.31549e-016
8.16263e-016
5.48996e-016
1.62799e-016
1.60654e-016
5.05978e-016
8.27817e-016
5.78702e-016
7.94502e-017
2.23956e-016
1.93482e-016
3.53997e-016
2.19405e-016
2.01071e-016
1.62242e-016
9.79377e-017
6.05756e-016
4.84544e-016
2.4025e-016
2.55035e-016
1.68708e-016
2.47034e-016
1.31492e-016
2.70781e-016
7.47773e-017
2.68824e-016
3.08563e-016
3.43062e-016
2.93895e-017
6.10235e-017
1.6076e-016
5.13543e-017
5.42591e-017
5.53586e-017
1.66374e-016
1.32376e-016
1.05677e-016
2.89933e-016
1.27585e-016
1.30316e-016
1.92817e-016
1.70866e-017
1.5798e-016
1.07279e-016
1.90354e-016
2.28999e-016
1.0499e-016
9.95575e-017
8.88271e-017
6.36067e-017
1.84771e-016
1.69604e-016
9.29913e-017
1.70334e-017
1.29151e-016
9.52869e-017
9.99866e-017
2.36459e-016
1.6229e-016
1.6565e-016
2.5513e-016
1.71684e-016
9.76286e-017
1.37551e-016
1.35769e-016
2.15987e-016
8.63659e-017
9.6351e-017
1.90394e-016
1.52531e-017
3.69458e-016
2.29629e-016
9.66708e-017
3.16442e-016
1.40269e-016
3.2335e-016
3.22981e-016
7.57723e-016
3.15327e-016
1.4766e-015
1.14489e-015
1.52121e-015
7.89439e-016
6.08384e-016
8.01115e-016
3.33104e-016
4.75007e-016
3.72994e-016
2.13127e-016
7.32053e-017
1.04813e-016
2.62473e-016
2.96158e-016
1.73923e-016
7.18225e-016
8.78345e-016
9.81583e-016
7.15813e-016
8.29071e-016
1.4463e-015
6.17925e-016
1.33291e-015
4.46604e-016
5.35809e-016
1.41371e-016
3.0634e-016
8.31768e-017
1.82102e-016
2.75109e-016
2.05007e-016
3.88116e-016
5.10726e-016
1.88525e-016
2.62411e-016
1.19061e-016
1.69943e-016
7.08671e-017
7.21971e-017
1.59664e-016
3.05968e-016
2.5314e-016
1.93193e-016
3.6027e-017
1.67578e-016
2.36532e-016
1.39318e-016
4.2618e-017
1.25129e-016
2.00595e-016
1.90755e-016
1.34196e-016
2.49342e-016
1.37335e-016
1.36516e-016
9.2504e-017
4.57808e-017
8.18486e-017
6.4311e-017
1.57691e-017
1.15929e-016
2.31255e-016
1.73353e-016
9.14342e-017
1.89461e-016
2.11613e-016
1.58245e-016
1.3226e-016
9.71371e-017
2.08887e-016
8.5831e-017
2.43752e-016
2.09806e-016
1.91743e-016
2.40913e-016
1.23921e-016
4.55278e-017
1.72838e-016
1.02466e-016
9.2119e-017
6.80248e-017
3.40984e-016
8.96094e-017
1.66619e-016
1.4997e-016
5.27552e-016
4.28894e-016
3.02657e-016
3.12369e-016
1.26897e-016
4.5105e-016
1.31794e-016
9.09275e-016
4.29415e-016
2.04573e-015
3.07186e-015
1.86286e-015
4.46453e-016
7.32306e-016
8.63101e-016
1.39131e-015
7.57366e-016
3.52418e-016
4.38828e-016
1.54839e-016
2.885e-016
3.22522e-016
4.68547e-016
1.78813e-016
1.0265e-015
1.63675e-015
1.17665e-015
5.84929e-016
3.79278e-016
1.79773e-015
2.7752e-015
1.81716e-015
2.56714e-016
7.13735e-016
1.31372e-016
3.78493e-016
2.67319e-016
2.45927e-016
3.82569e-016
1.26498e-016
3.14293e-016
5.54854e-016
2.40589e-016
3.98468e-016
1.65697e-016
4.00184e-016
2.32265e-016
1.96433e-016
1.76273e-016
2.37535e-016
4.53725e-016
2.35377e-016
1.94447e-016
9.53672e-017
2.3315e-016
2.53033e-016
1.61494e-016
2.19176e-016
2.34413e-016
2.07536e-016
3.38842e-016
3.21749e-016
2.3876e-016
3.12746e-016
3.02065e-016
2.28478e-016
2.79461e-016
2.79161e-016
2.46664e-016
9.79739e-017
2.75746e-016
2.39096e-016
7.67867e-016
1.14014e-016
1.24317e-016
3.68557e-016
1.81725e-016
5.09803e-016
1.82882e-016
2.87889e-016
1.53498e-016
6.48837e-016
2.44938e-016
3.44278e-016
4.55336e-016
2.72801e-016
3.15575e-016
3.72627e-016
5.00924e-016
4.37836e-016
4.16594e-016
3.67253e-016
3.18583e-016
9.98392e-016
1.69159e-016
5.58888e-016
5.44488e-016
1.02887e-015
5.86066e-016
7.068e-016
9.30377e-016
1.00514e-015
1.35582e-015
2.47174e-015
5.33333
1.30144e-015
5.01557e-016
2.85734e-016
6.57672e-016
5.33333
9.64675e-016
5.7423e-016
2.09715e-016
5.33333
